0.01000000	0.61130000	999.80000000	0.00480000	2501.00000000	4217.00000000	1854.00000000	0.56100000	0.01710000	1.792*10**-3	0.922*10**-5	13.50000000	1.00000000	-0.00068000			
5.00000000	0.87210000	999.90000000	0.00680000	2490.00000000	4205.00000000	1857.00000000	0.57100000	0.01730000	1.519*10**-3	0.934*10**-5	11.20000000	1.00000000	-0.00015000			
10.00000000	1.22760000	999.70000000	0.00940000	2478.00000000	4194.00000000	1862.00000000	0.58000000	0.01760000	1.307*10**-3	0.946*10**-5	9.45000000	1.00000000	0.00073300			
15.00000000	1.70510000	999.10000000	0.01280000	2466.00000000	4185.00000000	1863.00000000	0.58900000	0.01790000	1.138*10**-3	0.959*10**-5	8.09000000	1.00000000	0.00013800			
20.00000000	2.33900000	998.00000000	0.01730000	2454.00000000	4182.00000000	1867.00000000	0.59800000	0.01820000	1.002*10**-3	0.973*10**-5	7.01000000	1.00000000	0.00019500			
25.00000000	3.16900000	997.00000000	0.02310000	2442.00000000	4180.00000000	1870.00000000	0.60700000	0.01860000	0.891*10**-3	0.987*10**-5	6.14000000	1.00000000	0.00024700			
30.00000000	4.24600000	996.00000000	0.03040000	2431.00000000	4178.00000000	1875.00000000	0.61500000	0.01890000	0.798*10**-3	1.001*10**-5	5.42000000	1.00000000	0.00029400			
35.00000000	5.62800000	994.00000000	0.03970000	2419.00000000	4178.00000000	1880.00000000	0.62300000	0.01920000	0.720*10**-3	1.016*10**-5	4.83000000	1.00000000	0.00033700			
40.00000000	7.38400000	992.10000000	0.05120000	2407.00000000	4179.00000000	1885.00000000	0.63100000	0.01960000	0.653*10**-3	1.031*10**-5	4.32000000	1.00000000	0.00037700			
45.00000000	9.59300000	990.10000000	0.06550000	2395.00000000	4180.00000000	1892.00000000	0.63700000	0.02000000	0.596*10**-3	1.046*10**-5	3.91000000	1.00000000	0.00041500			
50.00000000	12.35000000	988.10000000	0.08310000	2383.00000000	4181.00000000	1900.00000000	0.64400000	0.02040000	0.547*10**-3	1.062*10**-5	3.55000000	1.00000000	0.00045100			
55.00000000	15.76000000	985.20000000	0.10450000	2371.00000000	4183.00000000	1908.00000000	0.64900000	0.02080000	0.504*10**-3	1.077*10**-5	3.25000000	1.00000000	0.00048400			
60.00000000	19.94000000	983.30000000	0.13040000	2359.00000000	4185.00000000	1916.00000000	0.65400000	0.02120000	0.467*10**-3	1.093*10**-5	2.99000000	1.00000000	0.00051700			
65.00000000	25.03000000	980.40000000	0.16140000	2346.00000000	4187.00000000	1926.00000000	0.65900000	0.02160000	0.433*10**-3	1.110*10**-5	2.75000000	1.00000000	0.00054800			
70.00000000	31.19000000	977.50000000	0.19830000	2334.00000000	4190.00000000	1936.00000000	0.66300000	0.02210000	0.404*10**-3	1.126*10**-5	2.55000000	1.00000000	0.00057800			
75.00000000	38.58000000	974.70000000	0.24210000	2321.00000000	4193.00000000	1948.00000000	0.66700000	0.02250000	0.378*10**-3	1.142*10**-5	2.38000000	1.00000000	0.00060700			
80.00000000	47.39000000	971.80000000	0.29350000	2309.00000000	4197.00000000	1962.00000000	0.67000000	0.02300000	0.355*10**-3	1.159*10**-5	2.22000000	1.00000000	0.00065300			
85.00000000	57.83000000	968.10000000	0.35360000	2296.00000000	4201.00000000	1977.00000000	0.67300000	0.02350000	0.333*10**-3	1.176*10**-5	2.08000000	1.00000000	0.00067000			
90.00000000	70.14000000	965.30000000	0.42350000	2283.00000000	4206.00000000	1993.00000000	0.67500000	0.02400000	0.315*10**-3	1.193*10**-5	1.96000000	1.00000000	0.00070200			
95.00000000	84.55000000	961.50000000	0.50450000	2270.00000000	4212.00000000	2010.00000000	0.67700000	0.02460000	0.297*10**-3	1.210*10**-5	1.85000000	1.00000000	0.00071600			
100.00000000	101.33000000	957.90000000	0.59780000	2257.00000000	4217.00000000	2029.00000000	0.67900000	0.02510000	0.282*10**-3	1.227*10**-5	1.75000000	1.00000000	0.00075000			
110.00000000	143.27000000	950.60000000	0.82630000	2230.00000000	4229.00000000	2071.00000000	0.68200000	0.02620000	0.255*10**-3	1.261*10**-5	1.58000000	1.00000000	0.00079800			
120.00000000	198.53000000	943.40000000	1.12100000	2203.00000000	4244.00000000	2120.00000000	0.68300000	0.02750000	0.232*10**-3	1.296*10**-5	1.44000000	1.00000000	0.00085800			
130.00000000	270.10000000	934.60000000	1.49600000	2174.00000000	4263.00000000	2177.00000000	0.68400000	0.02880000	0.213*10**-3	1.330*10**-5	1.33000000	1.01000000	0.00091300			
140.00000000	361.30000000	921.70000000	1.96500000	2145.00000000	4286.00000000	2244.00000000	0.68300000	0.03010000	0.197*10**-3	1.365*10**-5	1.24000000	1.02000000	0.00097000			
150.00000000	475.80000000	916.60000000	2.54600000	2114.00000000	4311.00000000	2314.00000000	0.68200000	0.03160000	0.183*10**-3	1.399*10**-5	1.16000000	1.02000000	0.00102500			
160.00000000	617.80000000	907.40000000	3.25600000	2083.00000000	4340.00000000	2420.00000000	0.68000000	0.03310000	0.170*10**-3	1.434*10**-5	1.09000000	1.05000000	0.00114500			
170.00000000	791.70000000	897.70000000	4.11900000	2050.00000000	4370.00000000	2490.00000000	0.67700000	0.03470000	0.160*10**-3	1.468*10**-5	1.03000000	1.05000000	0.00117800			
180.00000000	1002.10000000	887.30000000	5.15300000	2015.00000000	4410.00000000	2590.00000000	0.67300000	0.03640000	0.150*10**-3	1.502*10**-5	0.98300000	1.07000000	0.00121000			
190.00000000	1254.40000000	876.40000000	6.38800000	1979.00000000	4460.00000000	2710.00000000	0.66900000	0.03820000	0.142*10**-3	1.537*10**-5	0.94700000	1.09000000	0.00128000			
200.00000000	1553.80000000	864.30000000	7.85200000	1941.00000000	4500.00000000	2840.00000000	0.66300000	0.04010000	0.134*10**-3	1.571*10**-5	0.91000000	1.11000000	0.00135000			
220.00000000	2318.00000000	840.30000000	11.60000000	1859.00000000	4610.00000000	3110.00000000	0.65000000	0.04420000	0.122*10**-3	1.641*10**-5	0.86500000	1.15000000	0.00152000			
240.00000000	3344.00000000	813.70000000	16.73000000	1767.00000000	4760.00000000	3520.00000000	0.63200000	0.04870000	0.111*10**-3	1.712*10**-5	0.83600000	1.24000000	0.00172000			
260.00000000	4688.00000000	783.70000000	23.69000000	1663.00000000	4970.00000000	4070.00000000	0.60900000	0.05400000	0.102*10**-3	1.788*10**-5	0.83200000	1.35000000	0.00200000			
280.00000000	6412.00000000	750.80000000	33.15000000	1544.00000000	5280.00000000	4835.00000000	0.58100000	0.06050000	0.094*10**-3	1.870*10**-5	0.85400000	1.49000000	0.00238000			
300.00000000	8581.00000000	713.80000000	46.15000000	1405.00000000	5750.00000000	5980.00000000	0.54800000	0.06950000	0.086*10**-3	1.965*10**-5	0.90200000	1.69000000	0.00295000			
320.00000000	11274.00000000	667.10000000	64.57000000	1239.00000000	6540.00000000	7900.00000000	0.50900000	0.08360000	0.078*10**-3	2.084*10**-5	1.00000000	1.97000000	nan		
340.00000000	14586.00000000	610.50000000	92.62000000	1028.00000000	8240.00000000	11870.00000000	0.46900000	0.11000000	0.070*10**-3	2.255*10**-5	1.23000000	2.43000000	nan		
360.00000000	18651.00000000	528.30000000	144.00000000	720.00000000	14690.00000000	25800.00000000	0.42700000	0.17800000	0.060*10**-3	2.571*10**-5	2.06000000	3.73000000	nan